sp_crater.asc
ncols 200
nrows 200
xllcorner 441850
yllcorner 3937040
cellsize 9.6
NODATA_value -9999
[rows 96 to 119 of 200, columns 110 to 164 of 200]
2097.088867 2093.568359 2091.573486 2089.234131 2086.595459 2083.9021 2078.879639 2076.618164 2074.060547 2070.292725 2065.688721 2061.200928 2061.200928 2052.170166 2047.768921 2043.69458 2039.704834 2036.035889 2029.706299 2026.469727 2022.341797 2017.365845 2012.613403 2003.857178 1999.664429 1995.584595 1991.358643 1987.124756 1978.62146 1973.581421 1967.470947 1962.723755 1958.858765 1950.295288 1950.295288 1946.060181 1941.995972 1938.045654 1933.742188 1929.408081 1922.664673 1919.243286 1915.702271 1912.463867 1909.671753 1903.715454 1900.247681 1896.487793 1893.361084 1891.625977 1888.943359 1887.386963 1886.090576 1885.48938 1885.274902
2102.516113 2099.026855 2096.54248 2093.457764 2090.395508 2087.412598 2081.744629 2079.534424 2077.29248 2074.311035 2070.049316 2065.362549 2065.362549 2056.219238 2051.549561 2047.197266 2043.064819 2039.016235 2032.209961 2028.963257 2025.295288 2020.569824 2015.49939 2006.259399 2001.954834 1997.690308 1993.427856 1989.090576 1980.291748 1975.608032 1970.395752 1965.841187 1961.717651 1953.149658 1953.149658 1948.843384 1944.322266 1940.047729 1935.786743 1931.559448 1924.478271 1921.047974 1917.545044 1914.165527 1911.063354 1904.61438 1901.41272 1897.895386 1894.141602 1891.713501 1888.703491 1886.92395 1885.595947 1884.782959 1884.375488
2108.528076 2104.287109 2101.218018 2097.623291 2094.220947 2090.789062 2084.334229 2082.054688 2079.667725 2076.743408 2072.93042 2064.584961 2064.584961 2060.220459 2055.531006 2050.889404 2046.522095 2042.269897 2034.641846 2031.301636 2027.886353 2023.781738 2018.633423 2008.744873 2004.280151 1999.880127 1995.610718 1991.217896 1981.941772 1977.112915 1972.563232 1968.291626 1964.029541 1955.379272 1955.379272 1951.100464 1946.434814 1941.836426 1937.549683 1933.433105 1925.992554 1922.591675 1919.046021 1915.516846 1912.135254 1905.34082 1902.42749 1899.208496 1895.317383 1892.306641 1888.527222 1886.637939 1885.259888 1884.349976 1883.709106
2115.45459 2110.036865 2106.687988 2102.365479 2098.063477 2094.289551 2087.632812 2084.893555 2082.272217 2079.095703 2075.554199 2068.122803 2068.122803 2063.863037 2059.181152 2054.443848 2049.90918 2045.53894 2037.213013 2033.649414 2030.17041 2026.496094 2021.744507 2011.413696 2007.028198 2002.501465 1997.994629 1993.452881 1983.776489 1978.600464 1973.97998 1969.839111 1965.76355 1957.209351 1957.209351 1952.837646 1948.257935 1943.592285 1939.158813 1930.631836 1927.070068 1923.873657 1920.342163 1916.756348 1913.282471 1906.321289 1903.448242 1900.39563 1896.571777 1893.136475 1888.497437 1886.602783 1885.131836 1883.955078 1882.869263
2122.008545 2115.293457 2111.766602 2107.295898 2102.345215 2098.128662 2091.392822 2088.187012 2085.092773 2081.856201 2078.584717 2071.79248 2071.79248 2067.41333 2062.535156 2057.799561 2053.233398 2048.738525 2040.042236 2036.068604 2032.41333 2028.611206 2024.179077 2014.498657 2009.976562 2005.140503 2000.294922 1995.625244 1985.84021 1980.47583 1975.571045 1971.358276 1967.262451 1958.742065 1958.742065 1954.45105 1950.034912 1944.924927 1939.859253 1931.605957 1927.962036 1924.442749 1921.110107 1917.666138 1914.286011 1907.657349 1904.227051 1900.836548 1897.056885 1893.435669 1888.674072 1886.770264 1885.091553 1883.35791 1881.597656
2126.477539 2119.756348 2115.841553 2111.387207 2106.723877 2102.304443 2094.803223 2091.356201 2087.812744 2084.452637 2081.357666 2075.349854 2075.349854 2071.552246 2066.528809 2061.361328 2056.579834 2051.951416 2042.927246 2038.754395 2034.823608 2030.668823 2026.29248 2017.269775 2012.709351 2007.779663 2002.761475 1997.93042 1988.087036 1982.748169 1977.468506 1972.959106 1968.732422 1960.134399 1960.134399 1955.981201 1951.72522 1946.343628 1940.33313 1932.215088 1928.087769 1925.163818 1921.894043 1918.337524 1915.008423 1907.813599 1903.792603 1901.051636 1898.382812 1894.783813 1889.059692 1886.921631 1884.873657 1882.782104 1880.702026
2130.667969 2123.762939 2119.679688 2115.193115 2110.416504 2105.805664 2097.882568 2094.134277 2090.465332 2087.096924 2084.042969 2078.24292 2078.24292 2075.223877 2071.194336 2065.63208 2060.032227 2054.972656 2045.613403 2041.437012 2037.375854 2033.050903 2028.499878 2019.627686 2015.258545 2010.487671 2005.454834 2000.480103 1990.281982 1985.043335 1979.720459 1974.728394 1970.181519 1961.483643 1961.483643 1957.348022 1953.10376 1948.249878 1943.265869 1934.763794 1930.866943 1927.017822 1923.27832 1919.649292 1916.077759 1909.925171 1906.003418 1902.702393 1899.915283 1896.169434 1889.480713 1887.077881 1884.821899 1882.608398 1880.544556
2134.436035 2127.772705 2123.866943 2119.334473 2113.760254 2108.594238 2100.51709 2096.555176 2092.992188 2089.706055 2086.539795 2080.560303 2080.560303 2077.781494 2074.568115 2069.584717 2063.842529 2052.953369 2048.052734 2043.859497 2039.717651 2035.32605 2030.676636 2021.687744 2017.473022 2012.904053 2007.774658 2002.471558 1992.201904 1987.113525 1981.833252 1976.803467 1971.90332 1962.510132 1962.510132 1958.443359 1954.356567 1950.21582 1945.609009 1936.745361 1932.606079 1928.462769 1924.315674 1920.608276 1917.325562 1911.522217 1907.876221 1903.860962 1900.511108 1896.820557 1889.86438 1887.328369 1884.988281 1882.761719 1880.714722
2137.428955 2132.03418 2127.917969 2123.054688 2117.410156 2111.789795 2103.01123 2098.878174 2095.31543 2092.008057 2088.744873 2082.564453 2082.564453 2079.662354 2076.738037 2073.025146 2067.632324 2056.034424 2050.678955 2046.119019 2041.872925 2037.508057 2032.855957 2023.652466 2019.410889 2014.765015 2009.553101 2003.997559 1993.759277 1988.823486 1983.72168 1978.494995 1973.335938 1963.503418 1963.503418 1959.344238 1955.414795 1951.723267 1946.949707 1936.839355 1931.708374 1927.612427 1924.509766 1921.300537 1914.821655 1911.752808 1908.123779 1903.966797 1900.227051 1896.586792 1890.046265 1887.481445 1885.074585 1882.835449 1880.802002
2139.026855 2135.413086 2131.877197 2127.124512 2121.938721 2116.168213 2105.859619 2101.558105 2097.664062 2094.240723 2090.900879 2084.233154 2084.233154 2081.224854 2078.271484 2075.098877 2070.376465 2059.170166 2053.595947 2048.535156 2044.104736 2039.690186 2035.152344 2025.722046 2021.117065 2016.420166 2011.315308 2005.586182 1995.095581 1990.335571 1985.359863 1980.033691 1974.698364 1964.474976 1964.474976 1960.132202 1956.337402 1952.705078 1947.620728 1936.485718 1932.768921 1928.993286 1925.415039 1921.641602 1914.694092 1911.169434 1907.693115 1904.241089 1900.293091 1896.455322 1890.553589 1887.778442 1885.228149 1883.004395 1880.943848
2137.419678 2137.898438 2135.223389 2131.188721 2126.505615 2121.090332 2108.521973 2104.227051 2100.3396 2096.589355 2092.882812 2085.770264 2085.770264 2082.691895 2079.554199 2076.323486 2072.193604 2061.942627 2056.45459 2051.128418 2046.43396 2042.125488 2037.692871 2027.217285 2022.450684 2017.898315 2012.983643 2007.275391 1996.264282 1991.458496 1986.694946 1981.517212 1976.127563 1965.680908 1965.680908 1961.188843 1957.20752 1953.473755 1949.043335 1938.859009 1934.925415 1931.034424 1926.931763 1922.926636 1915.885498 1912.543213 1908.94458 1905.292236 1901.777466 1898.285889 1891.2948 1888.060181 1885.380615 1883.124146 1881.032837
2130.035889 2139.628174 2137.719971 2134.561523 2130.100586 2124.82373 2111.973877 2106.950439 2102.650635 2098.580566 2094.690674 2087.460205 2087.460205 2084.119629 2080.809326 2077.294922 2073.280029 2064.113525 2059.0625 2053.864258 2048.950928 2044.393433 2040.036865 2028.655396 2023.365967 2018.969727 2014.536621 2008.962524 1997.430298 1992.6073 1987.96521 1982.820679 1977.505493 1966.96936 1966.96936 1962.04187 1957.848267 1954.069336 1950.129272 1940.35791 1936.235107 1932.259277 1928.2771 1924.289795 1916.677979 1912.942993 1909.42395 1905.779297 1902.362671 1899.05957 1891.807373 1888.497559 1885.626343 1883.223633 1881.088867
2120.806885 2137.134766 2138.761475 2136.577637 2132.42334 2127.700195 2115.587891 2109.37085 2104.498291 2100.274902 2096.29834 2088.895996 2088.895996 2085.407227 2081.990967 2078.40332 2074.657471 2065.942139 2061.347656 2056.162842 2051.033936 2046.349854 2036.940552 2030.69043 2024.864624 2020.136353 2015.765747 2010.503784 1998.585938 1993.543945 1988.713989 1983.726562 1978.773682 1968.065674 1968.065674 1962.740967 1958.530273 1954.733765 1950.973511 1941.752808 1937.223389 1933.048218 1929.127441 1925.124878 1917.354004 1913.260864 1909.752808 1906.120239 1902.689941 1899.393555 1892.272461 1888.891724 1885.850098 1883.203613 1880.977417
2113.522949 2132.347412 2136.997314 2137.237305 2134.365479 2129.979004 2118.675537 2111.402344 2106.013428 2101.597168 2097.458008 2090.191895 2090.191895 2086.686523 2083.119141 2079.424561 2075.649658 2067.155029 2062.756592 2057.700684 2052.567627 2047.727417 2038.57373 2032.704834 2026.247559 2021.242065 2016.918213 2011.884155 2000.366455 1994.680908 1989.329346 1984.364502 1979.539795 1969.251343 1969.251343 1964.225952 1959.52478 1955.272583 1951.398193 1942.654175 1938.014771 1933.582031 1929.616699 1925.626831 1918.244995 1914.182983 1910.248413 1906.486084 1902.986938 1896.18396 1892.57312 1888.891724 1885.850098 1883.203613 1880.977417
2108.000732 2128.050049 2134.243896 2137.033447 2135.765625 2131.596436 2120.849854 2113.471924 2107.581543 2102.876465 2098.599854 2091.286865 2091.286865 2087.710449 2084.031738 2080.233154 2076.368164 2067.718018 2062.986328 2058.156006 2053.154297 2048.311279 2039.510498 2034.025635 2027.697388 2022.366089 2017.798706 2012.913208 2001.610474 1995.685059 1989.999878 1984.829956 1979.996826 1970.102905 1970.102905 1965.048462 1960.189819 1955.691406 1951.541504 1942.8125 1938.210205 1933.815918 1929.828979 1926.191772 1919.519287 1915.320435 1910.896484 1906.486084 1902.986938 1896.18396 1892.57312 1889.253052 1886.167969 1883.177246 1880.731079
2102.456299 2125.6604 2132.333252 2136.126709 2136.17749 2132.648193 2122.277588 2115.249756 2108.868652 2103.921631 2099.732178 2092.091553 2092.091553 2088.479004 2084.803955 2081.005127 2077.080078 2068.261475 2063.489502 2058.615723 2053.540771 2048.730225 2039.823364 2034.69104 2028.832642 2023.384277 2018.578613 2013.81665 2002.622437 1996.195312 1989.434082 1984.354492 1980.1875 1970.588135 1970.588135 1965.691772 1960.675049 1955.77002 1951.243408 1942.657349 1938.201294 1933.839111 1929.828979 1926.191772 1919.519287 1915.320435 1910.896484 1906.889771 1903.338135 1896.310181 1892.654541 1889.414185 1886.361206 1883.116821 1880.468018
2110.664062 2124.241211 2130.896729 2135.031982 2136.224609 2133.544922 2123.421387 2116.463135 2109.736816 2104.551758 2100.296143 2092.683594 2092.683594 2089.14917 2085.48291 2081.612305 2077.688477 2068.869385 2063.880127 2058.894775 2053.859619 2049.029053 2040.160767 2035.049683 2029.202759 2023.744507 2019.10144 2014.619507 2004.088501 1997.818604 1990.497314 1984.750366 1980.207764 1970.663818 1970.663818 1966.141479 1961.110229 1955.240112 1951.243408 1942.657349 1938.201294 1933.839111 1929.692871 1925.830322 1919.955933 1916.267456 1911.604004 1907.352173 1903.553467 1896.421509 1892.60144 1889.61084 1886.746338 1883.151245 1880.259155
2110.664062 2124.241211 2130.896729 2135.031982 2136.224609 2133.544922 2123.421387 2116.463135 2109.736816 2104.551758 2100.296143 2092.683594 2092.683594 2089.14917 2085.48291 2081.612305 2077.688477 2068.869385 2063.880127 2058.894775 2053.859619 2049.029053 2040.160767 2035.049683 2029.202759 2023.744507 2019.10144 2014.619507 2004.088501 1997.818604 1990.497314 1984.750366 1980.207764 1970.663818 1970.663818 1966.141479 1961.110229 1955.240112 1951.243408 1942.657349 1938.201294 1933.839111 1929.692871 1925.830322 1919.955933 1916.267456 1911.604004 1907.352173 1903.553467 1896.421509 1892.60144 1889.61084 1886.746338 1883.151245 1880.259155
2109.414062 2123.154785 2129.998291 2134.455811 2136.337402 2134.163818 2124.530762 2117.716797 2110.320557 2104.816162 2100.642578 2093.044434 2093.044434 2089.521973 2085.854736 2081.969727 2078.163818 2069.276123 2063.958008 2058.920166 2054.109619 2049.403564 2040.418579 2035.388184 2029.555298 2023.947388 2019.237427 2010.060791 2004.866211 1999.331909 1992.405273 1985.937012 1979.908569 1970.663818 1970.663818 1966.141479 1961.110229 1955.240112 1950.175659 1941.932739 1937.458618 1932.990234 1929.286499 1925.429077 1919.014282 1915.809082 1911.608032 1907.3125 1903.303223 1895.914185 1892.494751 1889.701294 1887.053711 1883.39856 1880.272095
2108.397705 2121.727051 2129.365479 2134.490479 2136.396729 2134.242676 2124.98291 2118.093506 2110.454102 2105.018311 2101.056885 2093.362061 2093.362061 2089.674805 2085.916504 2082.087402 2078.23584 2069.249268 2064.00293 2059.045898 2054.32251 2049.702393 2040.827881 2035.549927 2028.863647 2023.557983 2018.446533 2008.936646 2003.778198 1999.331909 1992.405273 1985.937012 1979.908569 1970.195068 1970.195068 1965.720581 1960.634155 1955.0354 1949.875244 1940.624268 1937.071777 1933.062866 1929.533325 1925.714111 1917.876343 1913.67627 1909.315063 1904.966675 1901.449951 1895.243408 1892.174805 1889.874634 1887.571045 1883.989136 1880.739136
2107.167725 2120.932373 2129.328369 2134.760254 2136.525146 2134.268555 2124.847412 2117.896973 2110.422852 2105.128174 2101.30835 2093.579346 2093.579346 2089.737549 2085.94458 2082.00708 2078.018311 2068.874512 2063.641113 2058.834961 2054.366699 2049.988525 2040.951904 2036.104736 2028.863647 2023.557983 2018.446533 2008.936646 2003.778198 1998.581909 1992.46521 1986.330322 1980.930786 1969.936646 1969.936646 1963.503174 1959.161255 1955.125366 1950.53894 1943.005493 1939.167236 1934.53894 1930.346069 1926.202026 1918.183716 1913.425903 1909.874756 1906.674316 1903.100952 1896.011597 1892.878418 1890.290527 1887.916626 1885.037598 1881.374023
2107.167969 2121.501465 2130.086914 2135.539307 2136.898438 2134.192871 2124.564453 2117.570312 2110.279297 2105.193115 2101.565674 2093.690918 2093.690918 2089.579346 2085.599854 2081.686035 2077.708008 2068.388428 2063.159668 2058.51001 2054.366699 2049.988525 2040.951904 2036.104736 2031.002808 2025.869019 2019.090332 2006.976562 2001.137207 1996.163452 1991.186646 1985.949829 1980.875977 1970.392456 1970.392456 1964.818115 1959.706177 1955.067261 1950.643677 1943.135254 1938.873169 1934.637695 1930.613647 1926.63147 1919.245239 1914.786621 1910.915527 1907.24292 1903.511353 1896.508545 1893.459595 1890.695557 1888.222778 1886.392578 1883.958252
2107.529785 2120.802979 2130.843018 2136.759277 2137.178467 2133.79834 2124.265625 2117.17334 2110.026367 2105.031738 2101.499268 2093.519043 2093.519043 2089.297852 2085.233154 2081.297363 2077.708008 2068.388428 2063.159668 2058.51001 2054.362793 2050.265625 2041.095825 2036.449341 2031.704712 2026.561646 2019.589722 2007.023193 2001.751465 1996.634277 1990.861572 1985.657837 1980.271851 1970.180054 1970.180054 1965.233398 1960.094727 1955.349854 1951.199585 1942.61377 1938.284912 1934.253174 1930.337524 1926.254761 1919.211792 1915.395264 1911.750122 1907.869751 1903.890259 1896.606201 1893.445312 1890.769165 1888.435791 1886.761353 1885.158936
2110.553467 2123.297852 2132.685059 2137.370117 2136.865967 2128.906494 2123.53833 2116.269287 2109.47583 2104.648438 2100.865234 2093.519043 2093.519043 2089.297852 2085.233154 2081.297363 2077.340576 2067.824219 2062.674072 2058.185791 2054.14209 2050.116699 2041.02417 2036.366577 2031.473877 2026.012085 2019.24939 2007.83313 2003.506348 1998.522705 1992.630859 1986.834595 1981.581421 1970.815308 1970.815308 1964.829834 1959.822998 1955.305908 1951.390625 1941.393677 1936.998901 1932.912842 1929.168091 1925.474731 1918.832275 1915.661865 1912.356079 1908.518066 1904.294189 1896.569702 1893.238037 1890.833008 1888.660156 1886.787476 1886.038452
