sp_crater.asc
ncols 200
nrows 200
xllcorner 441850
yllcorner 3937040
cellsize 9.6
NODATA_value -9999
[rows 144 to 167 of 200, columns 110 to 164 of 200]
2061.124268 2058.957031 2056.668701 2054.337158 2052.046631 2047.30127 2044.841797 2042.247559 2039.775635 2036.950317 2029.482056 2026.082397 2026.082397 2021.893066 2017.610596 2014.819214 2005.139526 1999.483765 1994.746826 1990.931885 1987.175781 1979.475708 1975.969971 1972.711304 1969.384766 1965.969849 1958.435669 1953.910522 1949.291138 1944.133301 1939.901001 1936.291992 1928.012451 1924.163452 1924.163452 1920.17627 1915.798706 1911.624023 1904.53186 1901.477905 1898.942139 1896.722534 1894.378418 1890.519775 1888.887329 1886.599365 1883.923584 1880.863403 1876.790771 1877.418335 1878.528931 1879.207153 1879.640747 1879.574707 1880.983643
2054.71875 2052.491699 2050.592773 2048.858398 2044.777344 2042.439575 2040.005859 2037.605957 2035.043335 2031.768555 2025.066162 2022.075684 2022.075684 2018.123535 2013.40271 2008.649536 1996.922974 1992.313843 1989.463379 1986.227905 1982.365356 1975.417114 1972.187622 1969.076416 1965.872192 1962.470947 1955.370117 1951.2229 1946.026245 1940.953491 1936.111816 1931.092407 1923.729126 1920.319336 1920.319336 1916.910522 1913.173096 1909.280762 1902.690186 1899.815308 1897.315063 1894.938599 1892.71875 1888.651611 1886.720215 1883.49353 1880.313965 1878.001953 1877.73645 1878.57605 1879.247437 1879.839966 1880.091064 1882.086914 1883.903442
2048.902588 2046.87085 2045.199585 2043.712402 2040.105103 2037.580322 2034.628906 2031.80249 2028.704956 2025.523804 2019.842285 2017.037109 2017.037109 2013.365723 2008.001221 2002.327271 1992.99231 1988.962646 1984.442627 1979.355591 1975.972168 1971.196899 1968.425293 1965.578735 1962.411499 1959.070435 1952.187378 1947.610352 1942.702515 1938.074951 1933.432617 1924.895752 1920.074585 1915.59082 1915.59082 1912.540894 1909.677124 1906.393921 1900.326904 1897.786499 1895.537476 1893.299561 1890.960938 1886.531982 1884.216553 1880.448853 1878.386108 1877.743408 1879.996948 1881.796021 1881.959961 1881.220703 1880.71875 1883.144409 1885.255127
2042.996094 2041.651367 2040.509521 2039.132812 2034.421753 2031.176636 2027.955688 2025.305542 2022.72644 2020.05481 2014.619141 2010.974487 2010.974487 2006.129883 2001.155884 1996.862793 1989.084839 1985.015503 1980.706421 1976.41748 1971.671143 1966.294678 1964.464233 1961.636963 1958.549927 1955.608643 1948.011108 1942.979126 1938.363037 1934.15918 1929.993408 1922.203735 1918.186035 1914.079468 1914.079468 1909.805298 1905.917114 1903.012207 1897.714966 1895.334961 1893.63562 1891.66272 1889.253174 1884.373047 1881.717163 1879.098633 1878.50647 1878.700806 1883.554443 1884.257446 1883.528076 1882.761597 1882.013794 1883.518799 1885.837891
2036.795166 2035.778809 2034.401855 2032.492676 2026.94165 2024.228638 2021.699341 2019.263794 2017.050537 2014.769409 2007.801025 2003.223022 2003.223022 1999.20813 1995.751709 1992.396606 1984.580078 1980.432495 1976.482056 1972.615112 1968.515137 1961.4021 1959.38562 1957.018311 1954.430298 1951.332764 1942.876709 1938.259766 1934.098267 1930.144287 1926.393677 1919.181396 1915.609741 1911.889282 1911.889282 1907.659302 1903.42334 1900.216309 1895.059326 1892.655151 1890.855469 1889.041992 1887.32019 1882.834106 1880.661499 1879.0896 1878.890503 1880.146606 1884.47876 1884.595581 1884.421753 1884.602295 1883.935547 1883.299194 1885.651855
2029.774292 2028.977905 2027.285278 2025.014038 2020.309692 2018.1698 2016.113403 2013.757202 2010.864258 2007.713501 2000.515503 1997.075684 1997.075684 1994.026245 1991.200439 1987.961914 1979.758301 1975.736694 1971.888306 1968.11499 1964.554688 1957.315796 1953.939087 1951.458374 1948.863892 1945.563477 1937.86377 1933.775391 1929.992798 1926.37085 1922.8125 1916.138428 1912.773804 1909.349365 1909.349365 1905.942627 1902.645996 1899.419067 1892.681519 1889.513062 1887.57605 1886.394043 1885.477661 1882.097656 1880.469238 1879.504639 1880.128052 1882.290283 1884.631104 1884.620239 1884.946411 1884.602295 1883.935547 1883.299194 1885.651855
2022.794189 2021.664673 2020.314331 2018.330688 2014.050415 2011.918335 2009.604248 2006.609619 2003.345337 1997.572754 1993.982666 1990.89209 1990.89209 1988.721191 1985.782104 1982.166138 1974.692139 1970.84314 1967.129028 1963.622314 1960.367065 1953.919312 1950.384033 1946.767822 1942.246582 1938.743896 1932.630371 1929.091187 1925.841309 1922.629639 1919.357788 1913.025146 1910.061157 1906.893066 1906.893066 1903.615356 1900.63501 1897.831177 1892.45752 1889.901245 1887.258667 1885.496826 1884.37085 1881.610962 1880.61145 1879.982178 1881.50769 1882.290283 1884.631104 1884.620239 1884.946411 1885.352295 1885.137207 1883.286621 1884.795288
2014.937866 2014.184692 2013.590698 2011.883057 2007.271484 2004.684204 2001.983276 1999.329712 1996.813965 1992.573242 1989.960449 1985.283203 1985.283203 1980.76709 1978.018799 1975.643066 1969.541382 1966.085693 1962.623169 1959.378052 1956.394043 1949.885742 1946.251343 1943.054443 1939.813232 1935.742676 1927.007202 1924.617676 1921.734985 1918.734009 1915.828369 1909.983032 1907.07666 1904.289917 1904.289917 1901.671143 1899.090576 1893.995483 1891.813721 1889.649658 1886.948608 1884.824585 1883.452515 1881.610962 1880.61145 1879.982178 1881.50769 1883.713745 1884.799438 1884.946777 1885.288452 1885.763428 1885.762329 1884.040649 1884.117676
2008.127197 2006.826904 2005.787109 2004.44104 2000.610474 1998.017822 1995.514038 1993.265991 1991.220093 1985.922729 1982.407959 1978.747559 1978.747559 1975.135254 1971.622559 1968.905273 1964.063843 1961.374756 1958.30957 1955.277954 1952.187988 1944.76355 1941.228516 1938.223511 1935.099854 1931.665771 1925.24585 1921.951904 1918.324585 1914.883789 1912.460083 1906.744873 1903.46228 1901.578979 1901.578979 1899.837769 1897.727051 1892.373657 1891.813721 1889.649658 1886.948608 1884.824585 1883.452515 1881.445312 1880.942505 1880.990112 1883.033813 1884.850708 1884.74939 1885.08374 1885.749878 1886.057983 1885.986816 1885.02771 1884.283325
2000.813599 1999.76062 1998.880737 1997.540161 1993.745605 1991.524536 1989.60791 1987.134644 1984.096924 1976.933472 1974.348389 1972.222778 1972.222778 1969.799316 1966.224731 1962.989258 1958.838379 1956.323242 1953.562622 1950.542847 1946.859741 1939.097534 1936.174805 1933.377197 1930.390259 1927.487183 1922.349243 1919.758301 1917.551758 1915.286499 1911.657837 1904.829224 1902.322388 1901.578979 1901.578979 1899.837769 1897.727051 1892.373657 1890.238403 1888.183228 1886.041504 1884.493652 1883.331299 1881.813965 1881.543945 1882.188477 1884.102417 1885.060669 1885.462891 1885.975952 1886.421631 1886.569214 1886.509766 1885.882202 1885.393188
1996.577026 1993.929932 1992.807373 1991.669312 1987.328369 1984.618286 1981.420898 1978.711548 1976.139648 1971.091797 1968.951294 1967.121338 1967.121338 1964.965698 1962.288818 1959.125 1953.59082 1951.269165 1948.033569 1944.197266 1940.609985 1934.577759 1931.823608 1928.944092 1926.28418 1923.86499 1919.411743 1917.361084 1915.147217 1915.286499 1911.657837 1904.829224 1902.322388 1900.190063 1900.190063 1898.453979 1896.397827 1890.935059 1888.841675 1887.444214 1885.692139 1884.303955 1883.502319 1882.684692 1882.655029 1883.583374 1884.997803 1885.690186 1886.569824 1887.182129 1887.511963 1887.461914 1887.240479 1886.766968 1886.278931
1990.694336 1987.970337 1986.88623 1985.942139 1981.678833 1979.273193 1975.508667 1971.763672 1969.245239 1965.996948 1963.802124 1961.735596 1961.735596 1959.906982 1957.618042 1951.615967 1947.313354 1943.526733 1940.492065 1937.946899 1935.431641 1930.132935 1927.513306 1925.069824 1922.78064 1923.86499 1919.411743 1917.361084 1915.147217 1912.342529 1908.764526 1902.471924 1900.897095 1899.283691 1899.283691 1897.40918 1895.443359 1891.978271 1890.473022 1888.827148 1886.468994 1884.799316 1884.032959 1883.656006 1883.999878 1885.048828 1885.643433 1886.125122 1888.216919 1888.856812 1888.835693 1888.426758 1887.976074 1887.26062 1886.734497
1984.706787 1982.272949 1980.782959 1979.824463 1975.580688 1972.67749 1969.437622 1965.775635 1963.148438 1960.511963 1958.385132 1956.324707 1956.324707 1954.398926 1952.681763 1946.192383 1941.480957 1937.267212 1934.996094 1933.139648 1935.431641 1930.132935 1927.513306 1925.069824 1922.78064 1920.501099 1916.379272 1914.403931 1911.69812 1908.590576 1905.525269 1901.126831 1899.581787 1898.054199 1898.054199 1896.384399 1894.823364 1892.535889 1891.236572 1889.562012 1887.453857 1885.735352 1884.827026 1884.610718 1885.112183 1886.053467 1886.542847 1887.178345 1889.290405 1889.868896 1889.796997 1889.42749 1889.030762 1887.826294 1887.193115
1978.726562 1976.209717 1974.441284 1973.160645 1967.980835 1965.108765 1962.553955 1960.279785 1957.267578 1953.184814 1952.705444 1951.154053 1951.154053 1948.388672 1945.390503 1938.739624 1941.480957 1937.267212 1934.996094 1933.139648 1930.896729 1925.980591 1923.661377 1921.351562 1919.061646 1916.83374 1912.624878 1910.507812 1907.937988 1905.110962 1902.800415 1899.882568 1898.409424 1896.891602 1896.891602 1895.444458 1894.183838 1891.889526 1890.679199 1889.259766 1887.71936 1886.414185 1885.368652 1885.595093 1886.014648 1886.837524 1887.420898 1888.090942 1890.114868 1890.627319 1890.471802 1890.26355 1890.1875 1888.446533 1887.642456
1972.247925 1969.635498 1965.731201 1963.519043 1961.045044 1959.102905 1957.072144 1954.868774 1952.05188 1947.205078 1945.692261 1951.154053 1951.154053 1948.388672 1945.390503 1938.739624 1936.0979 1932.892578 1930.081299 1928.206421 1926.497437 1922.292847 1920.07373 1917.759277 1915.454834 1913.2854 1909.070068 1906.763184 1904.495483 1902.480713 1900.934937 1898.490112 1897.111084 1895.722412 1895.722412 1894.446899 1893.244751 1891.035645 1889.989014 1888.802124 1887.91626 1887.306641 1886.475708 1886.673096 1887.085327 1887.898193 1888.447632 1889.042358 1891.040894 1891.457886 1891.474731 1891.394531 1891.235107 1889.139282 1888.07959
1964.251099 1963.285156 1961.393677 1958.913086 1955.624023 1953.956299 1951.998413 1954.868774 1952.05188 1947.205078 1945.692261 1943.495605 1943.495605 1940.940186 1938.593262 1934.284668 1931.949951 1929.319458 1925.997192 1923.80481 1922.350952 1918.629028 1916.645264 1914.456787 1912.177856 1910.009888 1905.655029 1903.51709 1901.9375 1900.608643 1899.33667 1896.91748 1895.735596 1894.550537 1894.550537 1893.333008 1892.105469 1890.012085 1889.346924 1888.877441 1888.74646 1888.368408 1887.616699 1888.10144 1888.511597 1889.254028 1889.980591 1890.869995 1892.692993 1892.755859 1892.535645 1892.201172 1891.806763 1889.57666 1888.51001
1958.698608 1957.151733 1961.393677 1958.913086 1955.624023 1953.956299 1951.998413 1949.576782 1946.963745 1942.436768 1939.814209 1937.096313 1937.096313 1935.245605 1933.74707 1930.54126 1928.404053 1925.691284 1922.721191 1919.994629 1918.179443 1915.042847 1913.060791 1911.065063 1908.959717 1906.811157 1902.68396 1901.363159 1900.164185 1898.88916 1897.704468 1895.463257 1894.446533 1893.36731 1893.36731 1892.166748 1890.951904 1889.689331 1889.306396 1889.295654 1889.281982 1889.012207 1889.495117 1890.002563 1890.541016 1891.247803 1892.240723 1893.776855 1894.771973 1894.070923 1893.314575 1892.699219 1892.21814 1889.955688 1889.25708
1958.698608 1957.151733 1954.759155 1952.819946 1950.543945 1948.401489 1946.120239 1943.860596 1941.55896 1937.451904 1935.218994 1932.046509 1932.046509 1929.566406 1928.668213 1927.04834 1924.425049 1921.371338 1918.428345 1915.412231 1913.02356 1911.420288 1909.546143 1907.62793 1905.677124 1903.642456 1900.980713 1899.724121 1898.511475 1897.269775 1896.03772 1893.977783 1893.034668 1891.983765 1891.983765 1890.941406 1890.210327 1889.671753 1889.481567 1889.523315 1889.928955 1890.591064 1891.203613 1891.989014 1892.680664 1893.666504 1894.735229 1895.810425 1895.44458 1894.565308 1893.679565 1892.975342 1892.377197 1889.952881 1889.905884
1953.774292 1952.353882 1949.963135 1947.003784 1942.768066 1941.608032 1939.940308 1938.166992 1936.234375 1932.28772 1930.155151 1927.334106 1927.334106 1924.800659 1923.62561 1921.548218 1919.292236 1916.694336 1914.367065 1912.141724 1908.488647 1907.195801 1905.858521 1904.277466 1902.757935 1901.614746 1899.408203 1898.093384 1896.808838 1895.594116 1894.481445 1892.44519 1891.547974 1890.786865 1890.786865 1890.400024 1890.170166 1890.000366 1890.123413 1890.303711 1890.737061 1891.18042 1892.628296 1893.432007 1894.255615 1895.416504 1896.149902 1896.068237 1895.451294 1894.630127 1893.767212 1892.909668 1892.040283 1889.988892 1890.532471
1953.774292 1952.353882 1949.963135 1947.003784 1942.768066 1941.608032 1939.940308 1938.166992 1936.234375 1932.28772 1930.155151 1927.334106 1927.334106 1924.800659 1923.62561 1921.548218 1919.292236 1916.694336 1914.367065 1912.141724 1908.488647 1907.195801 1905.858521 1904.277466 1902.757935 1901.614746 1899.408203 1898.093384 1896.808838 1895.594116 1894.481445 1892.44519 1891.547974 1890.786865 1890.786865 1890.400024 1890.170166 1890.000366 1890.123413 1890.303711 1890.737061 1891.18042 1892.628296 1893.432007 1894.255615 1895.416504 1896.149902 1896.068237 1895.451294 1894.630127 1893.767212 1892.909668 1892.040283 1889.988892 1890.532471
1947.970459 1945.886353 1943.819702 1941.28186 1936.250732 1935.319702 1934.165405 1932.577148 1930.729492 1927.16687 1925.553711 1923.377563 1923.377563 1920.985474 1918.684326 1916.080933 1914.319824 1912.360107 1910.514404 1908.449585 1904.281494 1903.437988 1902.597046 1901.836792 1901.096436 1900.329224 1898.021484 1896.651855 1895.231812 1893.9823 1892.911865 1891.003052 1890.490234 1890.335083 1890.335083 1890.232178 1890.177002 1890.328979 1890.676758 1890.994385 1891.505493 1892.264038 1893.844727 1894.474121 1895.14917 1896.179077 1896.576538 1895.831421 1895.306274 1894.575073 1893.633911 1892.69043 1891.715332 1890.452515 1891.111084
1940.4646 1938.796631 1937.459351 1935.979736 1931.089111 1929.389893 1928.288574 1927.280518 1925.488892 1921.457031 1919.683716 1917.982788 1917.982788 1916.291504 1914.49707 1911.280273 1909.999512 1908.437134 1906.743042 1905.064575 1901.603882 1901.000244 1900.767822 1900.383911 1899.788574 1899.032837 1896.761353 1895.247192 1893.691284 1892.484863 1891.434448 1890.393066 1890.350952 1890.35083 1890.35083 1890.296143 1890.271606 1890.567627 1890.967529 1891.486938 1892.337402 1893.369141 1894.712524 1895.046753 1895.704956 1896.387329 1896.459595 1895.84314 1895.151611 1894.415771 1893.568115 1892.595093 1891.550049 1890.934814 1891.59021
1934.948975 1933.623901 1932.251465 1930.71936 1926.291748 1924.05542 1922.71106 1921.512451 1919.838501 1915.844849 1914.205444 1912.845947 1912.845947 1911.47876 1909.987549 1906.213257 1905.098877 1904.376099 1903.048462 1901.853027 1900.021362 1899.283081 1898.970947 1898.650024 1898.217529 1897.640747 1895.605957 1894.114624 1892.462769 1891.203735 1890.59668 1890.339966 1890.391357 1890.40625 1890.40625 1890.35376 1890.440308 1890.884399 1891.275757 1891.94873 1892.919678 1893.996094 1895.440063 1895.68103 1896.110474 1896.559937 1896.654907 1895.692749 1895.021973 1894.357544 1893.572754 1892.652344 1891.648804 1891.461304 1892.251709
1930.325317 1928.882568 1927.267944 1925.644897 1921.683594 1919.141357 1917.332275 1916.094849 1914.623047 1911.244751 1909.81958 1908.43689 1908.43689 1906.94165 1905.500977 1902.222168 1901.178589 1900.829834 1900.179932 1899.260376 1897.622803 1897.204712 1896.928223 1896.762573 1896.608154 1895.541504 1894.807251 1893.762085 1892.252686 1891.177979 1890.89978 1890.561157 1890.474243 1890.467041 1890.467041 1890.547607 1890.71936 1891.271362 1891.823242 1892.503662 1893.429199 1894.439697 1896.009277 1896.272217 1896.67334 1897.002075 1896.848267 1895.629639 1894.919922 1894.244019 1893.534912 1892.760498 1891.911377 1892.228882 1893.033813
