sp_crater.asc
ncols 200
nrows 200
xllcorner 441850
yllcorner 3937040
cellsize 9.6
NODATA_value -9999
[rows 144 to 167 of 200, columns 55 to 109 of 200]
2004.170898 2004.170898 2007.245728 2010.351929 2013.265137 2018.487793 2021.338623 2024.207764 2026.884521 2029.356812 2031.712036 2036.064453 2038.584717 2041.313599 2044.117065 2046.949463 2052.350098 2054.673828 2056.930176 2059.280273 2061.963867 2067.250977 2069.708008 2069.708008 2071.769775 2073.658691 2075.456787 2078.26416 2079.43335 2080.405273 2081.281494 2082.097656 2083.518066 2083.975586 2084.489014 2085.005859 2085.345215 2085.292969 2084.653564 2084.320557 2084.026855 2083.75 2083.508057 2082.902832 2082.428955 2082.428955 2081.806641 2080.999756 2079.898193 2077.496826 2076.244873 2074.328613 2071.90332 2069.28833 2063.566162
2000.628296 2000.628296 2003.180908 2006.226929 2009.376343 2014.931885 2017.741699 2020.649292 2023.467651 2025.965698 2028.188721 2032.26355 2034.275146 2036.520996 2038.977783 2041.688721 2047.121216 2049.458496 2051.688232 2053.663574 2055.443604 2059.136719 2061.576172 2061.576172 2064.049316 2066.34082 2068.486816 2071.752197 2072.846924 2073.494385 2073.954102 2074.441406 2075.446289 2075.958008 2076.660889 2077.039551 2077.189453 2077.149902 2076.866455 2076.737549 2076.653564 2076.629395 2076.580566 2076.400391 2076.187988 2076.187988 2075.778076 2075.233643 2074.155518 2070.895508 2068.803223 2066.125488 2063.613037 2061.46167 2056.92627
1998.484375 1998.484375 1999.596802 2001.784058 2004.5896 2010.975342 2013.869385 2016.599365 2019.365967 2022.15271 2024.703003 2028.797241 2030.723022 2032.625977 2034.549316 2036.775879 2041.53186 2044.015503 2046.293823 2048.121338 2049.655518 2053.047607 2054.859619 2054.859619 2056.78418 2058.719482 2060.644287 2064.385986 2065.876465 2066.950439 2067.706543 2068.166748 2068.769287 2069.20166 2069.727295 2069.984863 2070.03833 2070.054199 2070.001221 2069.86377 2069.628906 2069.353027 2069.145752 2069.071777 2068.904297 2068.904297 2068.385986 2067.378174 2065.907715 2062.115234 2059.869385 2057.69165 2055.985596 2054.536377 2051.076904
1997.030396 1997.030396 1997.275146 1998.098877 1999.905029 2006.153687 2009.491577 2012.291138 2014.988892 2017.751587 2020.49353 2025.284912 2027.326782 2029.13855 2030.906616 2032.692993 2036.398804 2038.520386 2040.64978 2042.617798 2044.221924 2047.365845 2048.993408 2048.993408 2050.60376 2052.205811 2053.888184 2057.256592 2058.921387 2060.539307 2061.860107 2062.70459 2063.875977 2064.348145 2064.80957 2065.198242 2065.454346 2065.456543 2064.936279 2064.524902 2063.6521 2062.540527 2061.736328 2061.127686 2060.737793 2060.737793 2060.081055 2058.759277 2057.194336 2053.997314 2052.169434 2050.687744 2049.421875 2048.08667 2044.541992
1994.358032 1994.358032 1994.137695 1994.807495 1996.280151 2001.356445 2004.647583 2007.770142 2010.470703 2013.085083 2018.407959 2021.061035 2023.488647 2025.52356 2027.242798 2028.88562 2032.242065 2033.930908 2035.756836 2037.606689 2039.192261 2042.143677 2043.575195 2043.575195 2044.933594 2046.273926 2047.772095 2050.659424 2051.967773 2053.269531 2054.470215 2055.483887 2057.23291 2057.942627 2058.580811 2059.213867 2059.847656 2060.042236 2059.351807 2058.813232 2057.866455 2056.73877 2055.28833 2052.443115 2053.015381 2053.015381 2052.189453 2050.758789 2049.590576 2047.262329 2045.873413 2044.675171 2043.597534 2041.980591 2037.43335
1991.413086 1991.413086 1990.120483 1990.696899 1992.654907 1997.484741 2000.363892 2003.239868 2005.878296 2008.402344 2013.532471 2016.094971 2018.605469 2020.963867 2023.027954 2024.944214 2028.374878 2029.884644 2031.389526 2032.938721 2034.395386 2037.132202 2038.522095 2038.522095 2039.700195 2040.8125 2042.026245 2044.406494 2045.361328 2046.263062 2047.133057 2047.94812 2049.508545 2050.207275 2050.604004 2051.021484 2051.716553 2052.4021 2052.500488 2052.541504 2052.233398 2051.525879 2050.029053 2045.003906 2044.778931 2044.778931 2044.404053 2043.722534 2042.97644 2041.098633 2040.154053 2039.315186 2038.423462 2036.841309 2030.820435
1989.910156 1989.910156 1987.885132 1987.633423 1989.018799 1993.529663 1996.213867 1998.801147 2001.190063 2003.554199 2008.577515 2011.012451 2013.489868 2015.865479 2018.074219 2020.201416 2024.004761 2025.556763 2027.022461 2028.523804 2029.932617 2032.353271 2033.562134 2033.562134 2034.622314 2035.586548 2036.59375 2038.650269 2039.450073 2040.28772 2041.173828 2041.952637 2043.122314 2043.654297 2044.07605 2044.42749 2044.886841 2045.645386 2045.897217 2046.021606 2045.695679 2044.785034 2043.33667 2038.400269 2037.28833 2037.28833 2037.329956 2037.386597 2036.821655 2035.080811 2034.22644 2033.337158 2032.287109 2030.911377 2025.423828
1989.278931 1989.278931 1987.404785 1986.322998 1986.32605 1989.43103 1991.753784 1994.205566 1996.600342 1998.910278 2003.411621 2005.79248 2008.286133 2010.719238 2012.855591 2014.64917 2018.317627 2020.188965 2021.99231 2023.741943 2025.385742 2027.893799 2028.820679 2028.820679 2029.753418 2030.643188 2031.536499 2033.4375 2034.205933 2034.921387 2035.682007 2036.459106 2037.417358 2038.244629 2038.950195 2039.507812 2039.939209 2039.910767 2039.802124 2039.550415 2038.867065 2037.640381 2036.113892 2031.875977 2030.278442 2030.278442 2030.72522 2031.061401 2030.479858 2028.788452 2027.923218 2027.009521 2026.020508 2024.696533 2017.802002
1988.510986 1988.510986 1986.682373 1985.116577 1984.352295 1985.775635 1987.60144 1989.864746 1992.277588 1994.565796 1998.64856 2000.619019 2002.692627 2004.977417 2007.072754 2008.84729 2012.32959 2014.143311 2015.820068 2017.550659 2019.337891 2022.454468 2023.640747 2023.640747 2024.727661 2025.825684 2026.801636 2028.654541 2029.491211 2030.092041 2030.552368 2030.894287 2031.466187 2032.133301 2032.626587 2032.630615 2032.672485 2033.15625 2032.932373 2032.419678 2031.592285 2030.369995 2028.851562 2025.642456 2024.555664 2024.555664 2025.25647 2025.307007 2024.377808 2022.633301 2021.65625 2020.54541 2019.224487 2017.50415 2011.251343
1986.98645 1986.98645 1985.155273 1983.039062 1981.296265 1981.927734 1983.596313 1985.717407 1988.202026 1990.620728 1994.59082 1996.251343 1997.842773 1999.563965 2001.366455 2004.864136 2006.009888 2007.15625 2009.212036 2011.144165 2012.646118 2015.566284 2017.080078 2017.080078 2018.52478 2019.906128 2021.113525 2023.454468 2024.553833 2025.397949 2025.684326 2025.421021 2025.305542 2025.585571 2025.845215 2025.568604 2025.081177 2026.057983 2025.704224 2025.210449 2024.629761 2023.835815 2022.770142 2020.515259 2019.586304 2019.586304 2019.436401 2019.310547 2018.735962 2016.75061 2015.51709 2014.137329 2012.611206 2010.840942 2004.34436
1984.963013 1984.963013 1983.033081 1980.58252 1977.95459 1977.700073 1979.068481 1980.835327 1983.369995 1986.37793 1991.1073 1992.496338 1993.758911 1995.103638 1996.510864 1999.494385 2000.307129 2001.148804 2003.388672 2005.353149 2006.562256 2009.179443 2010.69397 2010.69397 2012.157104 2013.506836 2014.521973 2016.598877 2017.665161 2018.537231 2019.020142 2019.161133 2019.463135 2019.635254 2019.665161 2019.100098 2018.006836 2018.874146 2019.160034 2019.024658 2018.640381 2018.054565 2016.824585 2016.041382 2014.819824 2014.819824 2013.809448 2013.810181 2013.533081 2010.747192 2009.157471 2007.534058 2005.950928 2004.405762 2000.61731
1983.27771 1983.27771 1981.408569 1979.233521 1976.873169 1974.64209 1975.039795 1975.96814 1977.52356 1980.083984 1986.282837 1988.344849 1989.897461 1991.08374 1992.106567 1993.666992 1994.321167 1995.975464 1998.069824 1999.653809 2000.692627 2003.303101 2004.80835 2004.80835 2006.269043 2007.532837 2008.54248 2010.261841 2011.053955 2011.798462 2012.351929 2012.852539 2014.018677 2014.20459 2014.250122 2013.759766 2012.193481 2012.928101 2013.527344 2013.224976 2012.947144 2012.623169 2011.587036 2010.816772 2009.440674 2009.440674 2007.585327 2006.568359 2006.156006 2003.994751 2002.367065 2000.838989 1999.280762 1997.69873 1993.596191
1982.029297 1982.029297 1980.311279 1978.648438 1976.792847 1972.95166 1972.187378 1972.055298 1972.812622 1974.333862 1979.07666 1981.984375 1984.291992 1985.934448 1987.16394 1988.263428 1988.636597 1991.078979 1992.910034 1993.988525 1995.038452 1997.62915 1999.140747 1999.140747 2000.753418 2002.066284 2003.089478 2004.859131 2005.625122 2006.331299 2006.859985 2007.13916 2007.184082 2007.378662 2007.48999 2007.084106 2005.4552 2005.896118 2006.766235 2006.727783 2006.365479 2005.95874 2004.894531 2004.335693 2003.522949 2003.522949 2001.483276 1999.533936 1998.754761 1996.963013 1995.378418 1993.730713 1992.087402 1990.39563 1986.886108
1980.786621 1980.786621 1979.13147 1977.718018 1975.917236 1970.280518 1968.297729 1968.169434 1969.096069 1970.200684 1973.391235 1975.677002 1977.771606 1979.675293 1981.102295 1981.651489 1983.001343 1985.768311 1987.543335 1988.552002 1989.511475 1991.761353 1993.255859 1993.255859 1994.7948 1996.161743 1997.314575 1999.310059 2000.432617 2001.534302 2001.956909 2002.123169 2000.159546 2000.408691 2000.714722 2000.547241 1999.341797 1999.325439 2000.322144 2000.104492 1999.476807 1998.918091 1997.838013 1997.279663 1996.565308 1996.565308 1995.058472 1992.475586 1991.007935 1989.751709 1988.253174 1986.78418 1985.451782 1984.081055 1980.726929
1979.547974 1979.547974 1977.774292 1976.044678 1973.971436 1967.461914 1964.5896 1964.343628 1965.30127 1966.270142 1968.444458 1969.851196 1971.481201 1973.248169 1974.83252 1975.631714 1977.521973 1980.106567 1981.793335 1982.821045 1984.765259 1985.876953 1987.188354 1987.188354 1988.738647 1990.195557 1991.255371 1992.895508 1993.838013 1994.742432 1995.307861 1995.399414 1993.688721 1993.685791 1993.806885 1993.521973 1992.124756 1991.839478 1992.560303 1992.444092 1992.060913 1991.658813 1990.281128 1989.406128 1988.880005 1988.880005 1988.278809 1986.237183 1984.200562 1982.876465 1981.87207 1980.72644 1979.619263 1978.318481 1974.757935
1978.217285 1978.217285 1976.219727 1974.135864 1971.676758 1965.73645 1963.146606 1962.05603 1962.2771 1962.863281 1963.742798 1964.310913 1965.137939 1966.399048 1967.838013 1969.890869 1972.476685 1974.765381 1976.279907 1977.130615 1978.702515 1979.64856 1980.689331 1980.689331 1981.900391 1983.195435 1984.319458 1985.976318 1986.760986 1987.549927 1988.418335 1988.616699 1986.589966 1986.82959 1986.744507 1986.354126 1985.628906 1984.112671 1984.363403 1984.50354 1984.29541 1983.934204 1982.485718 1981.522095 1980.642334 1980.642334 1979.666016 1978.38501 1976.273682 1976.841797 1975.837646 1974.113892 1972.571899 1970.667725 1965.824463
1976.499268 1976.499268 1974.544556 1972.467651 1969.915771 1964.536011 1962.273438 1960.601074 1959.983765 1960.117188 1959.309082 1959.572876 1960.225098 1961.079224 1961.991455 1965.372925 1967.765015 1969.285889 1970.395264 1971.283325 1972.858521 1973.611084 1974.363525 1974.363525 1975.136475 1975.970459 1976.821777 1978.585815 1979.433716 1979.959839 1980.39209 1980.561035 1976.88855 1978.026123 1978.787476 1978.743286 1978.408203 1976.240234 1975.899292 1976.326538 1976.313477 1975.97583 1974.831055 1974.024658 1973.310913 1973.310913 1972.544922 1971.31897 1966.556274 1967.392822 1966.872314 1965.202148 1963.521729 1962.200317 1959.760864
1974.800659 1974.800659 1972.851562 1970.679932 1968.234741 1963.432983 1961.525757 1959.725464 1957.866089 1956.003784 1954.744507 1955.208984 1955.883545 1956.504761 1957.10791 1960.466797 1962.604614 1964.022217 1964.914795 1965.643433 1967.077515 1967.773926 1968.474976 1968.474976 1969.176636 1969.892334 1970.582275 1971.928833 1972.507324 1972.865845 1973.124634 1973.203247 1971.832764 1971.803589 1972.126465 1972.206055 1971.868652 1970.021118 1969.816162 1970.229736 1970.272949 1969.890869 1968.579468 1967.911255 1967.346558 1967.346558 1966.409424 1964.96936 1960.866699 1960.193604 1959.771362 1959.078125 1958.160278 1962.200317 1959.760864
1973.540771 1973.540771 1971.627686 1969.479614 1967.264038 1962.782227 1960.751221 1958.853149 1956.703003 1954.047852 1951.170898 1951.405762 1951.820435 1952.24231 1952.128662 1954.483154 1955.709106 1956.734985 1957.653198 1958.540161 1960.359375 1961.379517 1962.316895 1962.316895 1963.250977 1964.160522 1964.826416 1965.604248 1965.969971 1966.284302 1966.613403 1966.940918 1964.997559 1966.051025 1966.713501 1966.477905 1965.991577 1963.395142 1964.577881 1965.226318 1965.18103 1964.627441 1962.742798 1962.029907 1961.624878 1961.624878 1960.818237 1959.298706 1955.085938 1960.193604 1959.771362 1959.078125 1958.160278 1957.163818 1954.96521
1973.540771 1973.540771 1971.627686 1969.479614 1967.264038 1962.782227 1960.751221 1958.853149 1956.703003 1954.047852 1951.170898 1951.405762 1951.820435 1952.24231 1952.128662 1954.483154 1955.709106 1956.734985 1957.653198 1958.540161 1960.359375 1961.379517 1962.316895 1962.316895 1963.250977 1964.160522 1964.826416 1965.604248 1965.969971 1966.284302 1966.613403 1966.940918 1964.997559 1966.051025 1966.713501 1966.477905 1965.991577 1963.395142 1964.577881 1965.226318 1965.18103 1964.627441 1962.742798 1962.029907 1961.624878 1961.624878 1960.818237 1959.298706 1955.085938 1960.193604 1959.771362 1959.078125 1958.160278 1957.163818 1954.96521
1972.395752 1972.395752 1970.43396 1968.482056 1966.476685 1962.311035 1960.2146 1958.12793 1956.005249 1953.875488 1950.0802 1949.300537 1949.129883 1949.26001 1948.977539 1949.217896 1949.817139 1950.297607 1950.780762 1951.246338 1952.190918 1952.959106 1954.203247 1954.203247 1955.425049 1956.564575 1958.509155 1959.237793 1959.758179 1960.207764 1960.624023 1960.960327 1960.601562 1960.757935 1960.999634 1960.767578 1960.143677 1958.277222 1958.083496 1958.69751 1959.08728 1958.855469 1957.522095 1956.82373 1961.624878 1961.624878 1960.818237 1959.298706 1955.085938 1954.14502 1953.832031 1953.463257 1953.016235 1952.439087 1950.015503
1971.395264 1971.395264 1969.480591 1967.630127 1965.690796 1961.545044 1959.505127 1957.469238 1955.513428 1953.795288 1950.06189 1948.178223 1946.418457 1944.849121 1943.964966 1944.525269 1945.090088 1945.558594 1945.96167 1946.398193 1947.36145 1947.944092 1948.611694 1948.611694 1949.290527 1950.00769 1951.546143 1952.392212 1953.600464 1954.475098 1955.074829 1955.47583 1954.40332 1953.857178 1954.360596 1954.894409 1954.842163 1951.795898 1950.921875 1952.163452 1959.08728 1958.855469 1957.522095 1956.82373 1956.206299 1956.206299 1955.526001 1954.4823 1949.710815 1948.462158 1947.970825 1947.411743 1946.836792 1945.961548 1942.47937
1970.480103 1970.480103 1968.698975 1967.008911 1965.202393 1961.109009 1959.072021 1957.045166 1955.359741 1953.791382 1949.673584 1947.211792 1944.540161 1941.468872 1939.637573 1940.087891 1940.766357 1941.366455 1941.813354 1942.191528 1943.204346 1943.787476 1944.418823 1944.418823 1944.945068 1945.413818 1946.534912 1947.289307 1948.091919 1948.770874 1949.357178 1949.914551 1949.059692 1948.116943 1948.443726 1954.894409 1954.842163 1951.795898 1950.921875 1952.163452 1952.852295 1952.743652 1952.218628 1951.60022 1950.968872 1950.968872 1950.316406 1949.211426 1945.442261 1942.937012 1940.666016 1940.368652 1940.146118 1937.797607 1936.409302
1969.328979 1969.328979 1967.957886 1966.493286 1964.729614 1960.515259 1958.364258 1956.506714 1954.835938 1953.100464 1949.101807 1946.542969 1943.681885 1941.161865 1939.268555 1937.56665 1937.803589 1937.779053 1937.711426 1937.934937 1939.218994 1939.876831 1940.50647 1940.50647 1940.958984 1941.218384 1941.874512 1942.194092 1942.570312 1942.95813 1943.239502 1949.914551 1949.059692 1948.116943 1948.443726 1949.089111 1949.077515 1947.1521 1946.21228 1945.957153 1945.641602 1945.418579 1944.849121 1944.215332 1943.519775 1943.519775 1942.820312 1942.109009 1940.512695 1939.119263 1936.646851 1935.184082 1934.63855 1932.904663 1931.607666
