sp_crater.asc
ncols 200
nrows 200
xllcorner 441850
yllcorner 3937040
cellsize 9.6
NODATA_value -9999
[rows 0 to 23 of 200, columns 55 to 109 of 200]
1841.461914 1841.461914 1841.741699 1841.886719 1841.90564 1841.888672 1841.938721 1841.778198 1841.060425 1840.383789 1839.974121 1839.457397 1839.34436 1839.297607 1839.337036 1839.485474 1839.972656 1840.111816 1840.342407 1840.5271 1840.676514 1840.993408 1841.085938 1841.085938 1841.243774 1841.408203 1841.516968 1841.589233 1841.783813 1841.857178 1841.871948 1841.982666 1842.201538 1840.868164 1837.951904 1834.902954 1832.213135 1830.119263 1829.266602 1829.395142 1829.54895 1829.768555 1830.016357 1830.52124 1830.765137 1830.765137 1830.948486 1831.111084 1831.277466 1831.613037 1831.782104 1831.950073 1832.121338 1832.292236 1832.458252
1841.317017 1841.317017 1841.643921 1841.819458 1841.899414 1841.922241 1841.887695 1841.642944 1840.973145 1840.293579 1839.886353 1839.426636 1839.380737 1839.318359 1839.395874 1839.521484 1839.967529 1840.178833 1840.353516 1840.515747 1840.741089 1841.019165 1841.175903 1841.175903 1841.349487 1841.52063 1841.628418 1841.746216 1841.89624 1841.964111 1841.977783 1842.095093 1842.287964 1840.558472 1837.425903 1834.037231 1831.312134 1829.714478 1829.309692 1829.48877 1829.654419 1829.871704 1830.175537 1830.735474 1830.971191 1830.971191 1831.155273 1831.384644 1831.533081 1831.915405 1832.109985 1832.340454 1832.465332 1832.593384 1832.768921
1840.878418 1840.878418 1841.183838 1841.526978 1841.727173 1841.779541 1841.299072 1841.022095 1840.637939 1840.09021 1839.708252 1839.404419 1839.375488 1839.305664 1839.405518 1839.539673 1839.865479 1840.182739 1840.443237 1840.678223 1840.825439 1841.168945 1841.283691 1841.283691 1841.443359 1841.611206 1841.771851 1842.06604 1841.993042 1841.904053 1841.885742 1841.989258 1842.322876 1839.565674 1836.442383 1833.171631 1830.360352 1829.284302 1829.419922 1829.489868 1829.640869 1829.93103 1830.335205 1830.938965 1831.18811 1831.18811 1831.4375 1831.629517 1831.790527 1832.145508 1832.40332 1832.660278 1832.850342 1832.955444 1833.247803
1840.300049 1840.300049 1840.604492 1840.86853 1841.003418 1841.009888 1840.716797 1840.379272 1840.019531 1839.852417 1839.739746 1839.394165 1839.392212 1839.45166 1839.483276 1839.572021 1839.928833 1840.194946 1840.453735 1840.699707 1840.934692 1841.38855 1841.467529 1841.467529 1841.555664 1841.776245 1842.004883 1842.047607 1841.922974 1841.931763 1841.808716 1841.557007 1840.546021 1836.934082 1834.577881 1832.216431 1830.108154 1829.287109 1829.592163 1829.599609 1829.728638 1830.027222 1830.436035 1831.061523 1831.379028 1831.379028 1831.647095 1831.897705 1832.156006 1832.564331 1832.802246 1832.983276 1832.850342 1832.955444 1833.247803
1839.807861 1839.807861 1840.0177 1840.206421 1840.331055 1840.286743 1840.028931 1839.83252 1839.672363 1839.526611 1839.439209 1839.397827 1839.394409 1839.398682 1839.445435 1839.579102 1839.916504 1840.097656 1840.346802 1840.665039 1840.950317 1841.495361 1841.596069 1841.596069 1841.735596 1841.849609 1841.995361 1842.12085 1841.807983 1840.94812 1840.271484 1839.538452 1838.436157 1835.628296 1833.591187 1831.73645 1830.144897 1829.456543 1829.888062 1829.902954 1829.953857 1830.218994 1830.630615 1831.361572 1831.699463 1831.699463 1832.038818 1832.318481 1832.156006 1832.564331 1832.802246 1832.983276 1833.147583 1833.320801 1833.638916
1839.517334 1839.517334 1839.494751 1839.626343 1839.724487 1839.666992 1839.464722 1839.436768 1839.426758 1839.405029 1839.392212 1839.392456 1839.398804 1839.460205 1839.544189 1839.620239 1840.009155 1840.178711 1840.346924 1840.576538 1840.880005 1841.632568 1841.780884 1841.780884 1841.865845 1842.013428 1842.159424 1841.958496 1841.544922 1840.726318 1839.739502 1838.869873 1837.817627 1835.008301 1833.130005 1831.549072 1830.502197 1829.965576 1830.403442 1830.512817 1830.506226 1830.665161 1831.030396 1831.361572 1831.699463 1831.699463 1832.038818 1832.318481 1832.512207 1832.953003 1833.128174 1833.291504 1833.456787 1833.685791 1834.060059
1839.408569 1839.408569 1839.391724 1839.411987 1839.42395 1839.401733 1839.392456 1839.392944 1839.394531 1839.39563 1839.396729 1839.39209 1839.39917 1839.467285 1839.549561 1839.669922 1840.03479 1840.270264 1840.454834 1840.675537 1840.928955 1841.571655 1841.887817 1841.887817 1842.074585 1842.172363 1842.201782 1842.084473 1841.835815 1841.133301 1840.161987 1838.939575 1837.537964 1834.744385 1833.282959 1832.232056 1831.564209 1831.170532 1830.948975 1830.512817 1830.506226 1830.665161 1831.030396 1831.861206 1832.13147 1832.13147 1832.445679 1832.729614 1832.984253 1833.387085 1833.629028 1833.80542 1833.908081 1834.091919 1834.457275
1839.390137 1839.390137 1839.394043 1839.397217 1839.395142 1839.395508 1839.395996 1839.395996 1839.395996 1839.395996 1839.396606 1839.3927 1839.395508 1839.460327 1839.601685 1839.774048 1840.116089 1840.281738 1840.450562 1840.678345 1840.93103 1841.555542 1841.790527 1841.790527 1841.8927 1842.027466 1842.208984 1842.29248 1842.196167 1841.796143 1840.787598 1839.277588 1836.481812 1835.329102 1833.282959 1832.232056 1831.564209 1831.170532 1830.948975 1831.12146 1831.375122 1831.579712 1831.720581 1832.474243 1832.74646 1832.74646 1832.987671 1833.239624 1833.443359 1833.778931 1833.938232 1834.120361 1834.359619 1834.509155 1834.677124
1839.389282 1839.389282 1839.374878 1839.399902 1839.39856 1839.395874 1839.395996 1839.395996 1839.395996 1839.396118 1839.397217 1839.388062 1839.39917 1839.532837 1839.71106 1839.883789 1840.133423 1840.368042 1840.55481 1840.713623 1840.928711 1841.429565 1841.603271 1841.603271 1841.758057 1841.855713 1842.036865 1842.391479 1842.31543 1841.994385 1840.787598 1839.277588 1836.481812 1835.329102 1834.271973 1833.463013 1832.898804 1832.488525 1832.209106 1832.252075 1832.213501 1832.540894 1832.861938 1833.099121 1833.279785 1833.279785 1833.514893 1833.706421 1833.861816 1834.274658 1834.390625 1834.601685 1834.736206 1834.804443 1834.971069
1839.724487 1839.724487 1839.424316 1839.362549 1839.395752 1839.396851 1839.395874 1839.395996 1839.395996 1839.396118 1839.397339 1839.387695 1839.393433 1839.529907 1839.770996 1839.987915 1840.292847 1840.4021 1840.622925 1840.827393 1840.989868 1841.323853 1841.490845 1841.490845 1841.655518 1841.822021 1842.036865 1842.391479 1842.31543 1841.994385 1841.07959 1839.477051 1836.929565 1836.278564 1835.578369 1834.962036 1834.501831 1834.142212 1833.625488 1833.540405 1833.612793 1833.699097 1833.762573 1834.052856 1834.213867 1834.213867 1834.296631 1834.432007 1834.552368 1834.802856 1834.894287 1834.958984 1835.106934 1835.184937 1835.242676
1840.13501 1840.13501 1839.814819 1839.541138 1839.407593 1839.396484 1839.397583 1839.396362 1839.396118 1839.396729 1839.397217 1839.399658 1839.480469 1839.635498 1839.80603 1840.025391 1840.384277 1840.415405 1840.615845 1840.827637 1840.990234 1841.323853 1841.490845 1841.490845 1841.655518 1841.822021 1842.048828 1842.338013 1842.394653 1842.014038 1840.920898 1839.470337 1837.518433 1837.002075 1836.39563 1835.930664 1835.525391 1835.186523 1835.0177 1834.81958 1834.832275 1834.880981 1834.860718 1834.984741 1835.115723 1835.115723 1835.083374 1835.156494 1835.225708 1835.351074 1835.468262 1835.431396 1835.498169 1835.563843 1835.462891
1840.566284 1840.566284 1840.307007 1840.064697 1839.758911 1839.380127 1839.387451 1839.398193 1839.398193 1839.396729 1839.409302 1839.512817 1839.670654 1839.776245 1839.906982 1840.073853 1840.501221 1840.415405 1840.615845 1840.827637 1840.990234 1841.324219 1841.493164 1841.493164 1841.656006 1841.819946 1842.110229 1842.326904 1842.299316 1841.971313 1840.917725 1839.690918 1838.261108 1837.770264 1837.30896 1837.015137 1836.678101 1836.425903 1836.258179 1836.061401 1836.066528 1836.056641 1835.957886 1835.884766 1835.954224 1835.954224 1835.993408 1835.973999 1835.896118 1835.913086 1835.904053 1835.891113 1835.800537 1835.693726 1835.64563
1841.162598 1841.162598 1840.851929 1840.575806 1840.280518 1839.752197 1839.580566 1839.425049 1839.384766 1839.390869 1839.543579 1839.692749 1839.670654 1839.776245 1839.906982 1840.073853 1840.501221 1840.608643 1840.75354 1840.929565 1841.046143 1841.341919 1841.583496 1841.583496 1841.762695 1841.919556 1842.266113 1842.538086 1842.136353 1841.723999 1840.833496 1839.966675 1839.092041 1838.701172 1838.303467 1838.026245 1837.870361 1837.508667 1837.480225 1837.359741 1837.240723 1837.166748 1837.106445 1836.840942 1836.796265 1836.796265 1836.859985 1836.770874 1836.61853 1836.400146 1836.306152 1836.168335 1836.020752 1835.974731 1835.898682
1841.162598 1841.162598 1840.851929 1840.575806 1840.280518 1839.752197 1839.580566 1839.425049 1839.384766 1839.390869 1839.543579 1839.692749 1839.670654 1839.776245 1839.906982 1840.073853 1840.501221 1840.608643 1840.75354 1840.929565 1841.046143 1841.341919 1841.583496 1841.583496 1841.762695 1841.919556 1842.266113 1842.538086 1842.136353 1841.723999 1840.833496 1839.966675 1839.092041 1838.701172 1838.303467 1838.026245 1837.870361 1837.508667 1837.480225 1837.359741 1837.240723 1837.166748 1837.106445 1836.840942 1836.796265 1836.796265 1836.859985 1836.770874 1836.61853 1836.400146 1836.306152 1836.168335 1836.020752 1835.974731 1835.898682
1841.696411 1841.696411 1841.542725 1841.114258 1840.684814 1840.043457 1839.794067 1839.628052 1839.384766 1839.390869 1839.543579 1839.692749 1839.807251 1840.023438 1840.11377 1840.171631 1840.622437 1840.793091 1840.890381 1841.026611 1841.150024 1841.420044 1841.596924 1841.596924 1841.825928 1842.088501 1842.542114 1842.623657 1842.066528 1841.571167 1840.854004 1840.254639 1839.569336 1839.399536 1839.136719 1838.957275 1838.860107 1838.61853 1838.532837 1838.42749 1838.280029 1838.223999 1838.201538 1837.980713 1837.680664 1837.680664 1837.56543 1837.447144 1837.271851 1836.812866 1836.649292 1836.374023 1836.271118 1836.27124 1836.161011
1841.907227 1841.907227 1841.835938 1841.637817 1840.684814 1840.043457 1839.794067 1839.628052 1839.593384 1839.605225 1839.644165 1839.807373 1839.983887 1840.153076 1840.328247 1840.454956 1840.719971 1840.899536 1841.075317 1841.181152 1841.251465 1841.453979 1841.66748 1841.66748 1841.846802 1842.201294 1842.749023 1842.837646 1842.37561 1841.839233 1841.169067 1840.584961 1840.199097 1840.133057 1840.105225 1840.129517 1839.97583 1839.688599 1839.591064 1839.376709 1839.27124 1839.201172 1839.083252 1838.765869 1838.526489 1838.526489 1838.238525 1837.953857 1837.728516 1837.136597 1836.871704 1836.708984 1836.613281 1836.462646 1836.342651
1841.907227 1841.907227 1841.835938 1841.637817 1841.227783 1840.321289 1840.0271 1839.909546 1839.765503 1839.743164 1839.902466 1839.930176 1840.07373 1840.25061 1840.421143 1840.599976 1840.858765 1841.094849 1841.289185 1841.336914 1841.358154 1841.623291 1841.685059 1841.685059 1841.814087 1842.227295 1842.898682 1842.847778 1842.604736 1842.115723 1841.657837 1841.124878 1840.786865 1840.780273 1840.897827 1840.997925 1840.861328 1840.421509 1840.368164 1840.247437 1840.224243 1840.13855 1839.884766 1839.283325 1839.0177 1839.0177 1838.713135 1838.359497 1837.981812 1837.330322 1837.084839 1836.906006 1836.781372 1836.669556 1836.53479
1842.362427 1842.362427 1842.061646 1841.70166 1841.37146 1840.558105 1840.316528 1840.142334 1839.974365 1839.899292 1839.953125 1840.106445 1840.212036 1840.355469 1840.524658 1840.733032 1841.138794 1841.305298 1841.482544 1841.608032 1841.644165 1841.719727 1841.707642 1841.707642 1841.777954 1842.193726 1842.994019 1843.194458 1842.890869 1842.496338 1842.050171 1841.544678 1841.349243 1841.50708 1841.735718 1841.732788 1841.534302 1841.271973 1841.0979 1840.94104 1840.878296 1840.794556 1840.656128 1839.653564 1839.202026 1839.202026 1838.920654 1838.582764 1838.150269 1837.465088 1837.222046 1837.065552 1836.946777 1836.877075 1836.715332
1843.307495 1843.307495 1842.396606 1841.69165 1841.521484 1840.776733 1840.521851 1840.35022 1840.178345 1840.047363 1840.125 1840.213867 1840.376221 1840.561157 1840.737915 1840.987183 1841.2146 1841.40625 1841.645142 1841.810547 1841.928711 1842.029175 1842.039062 1842.039062 1842.252686 1842.875366 1843.545166 1843.697266 1843.439087 1842.96167 1842.300659 1841.722412 1841.975098 1842.304443 1842.494385 1842.468262 1842.372559 1842.047607 1841.827515 1841.595215 1841.414917 1841.297241 1840.743896 1840.131836 1839.464233 1839.464233 1839.038452 1838.703247 1838.304443 1837.532104 1837.30896 1837.195068 1837.190674 1837.092407 1836.996338
1844.615845 1844.615845 1842.552612 1841.758179 1841.685913 1841.048584 1840.746216 1840.542236 1840.312134 1840.211548 1840.208252 1840.22876 1840.375488 1840.613403 1840.817627 1841.15625 1841.327759 1841.497803 1841.716919 1841.991211 1842.347778 1842.902344 1843.020142 1843.020142 1843.182373 1843.560669 1844.029541 1844.17041 1843.956665 1843.470093 1842.576538 1841.848511 1842.572388 1843.371216 1843.74939 1843.772461 1843.619629 1843.099976 1842.763062 1842.344116 1841.966309 1841.667603 1841.125244 1840.372559 1839.577637 1839.577637 1838.971924 1838.619141 1838.299561 1837.688232 1837.520142 1837.379395 1837.314453 1837.248779 1837.186035
1845.703125 1845.703125 1842.829102 1841.897583 1841.799683 1841.126709 1840.907349 1840.668945 1840.483154 1840.425659 1840.336304 1840.415039 1840.505127 1840.647217 1840.817383 1841.177856 1841.412964 1841.594971 1841.748657 1842.085327 1842.612305 1843.605835 1843.898193 1843.898193 1844.182129 1844.506226 1844.810181 1844.917847 1844.611816 1843.954712 1842.872314 1841.984497 1843.456055 1844.385498 1844.887207 1845.057007 1844.960571 1844.329346 1844.054443 1843.595581 1842.849487 1842.226685 1841.327271 1840.45105 1839.383423 1839.383423 1838.600342 1838.505371 1838.420776 1837.696411 1837.533936 1837.482788 1837.412231 1837.349487 1837.339111
1846.779297 1846.779297 1843.459473 1842.099121 1841.944702 1841.473755 1841.043457 1840.768433 1840.652344 1840.572998 1840.451172 1840.530029 1840.62439 1840.759766 1840.927368 1841.244141 1841.43811 1841.656738 1841.828125 1842.219971 1842.893066 1844.164429 1844.564819 1844.564819 1845.017944 1845.418579 1845.719604 1845.839111 1845.662598 1844.9198 1843.788818 1843.046997 1844.691162 1845.650269 1846.25354 1846.491943 1846.539551 1845.926147 1845.496582 1844.88623 1844.158813 1843.274292 1841.631836 1840.467529 1839.339355 1839.339355 1838.692017 1838.526001 1838.406494 1837.903687 1837.744385 1837.693604 1837.66394 1837.588623 1837.554321
1847.235107 1847.235107 1844.537231 1842.685669 1841.965576 1841.491943 1841.168823 1840.957764 1840.799316 1840.678833 1840.666016 1840.749756 1840.820923 1840.908081 1841.041504 1841.277466 1841.504761 1841.682373 1841.846191 1842.351196 1843.185059 1844.611572 1845.200439 1845.200439 1845.776367 1846.207031 1846.545532 1846.954712 1846.904541 1846.632446 1846.349854 1846.261353 1846.63623 1847.206299 1847.827148 1848.27124 1848.533569 1848.079102 1847.484985 1846.668701 1845.832764 1844.825684 1842.491211 1841.200928 1839.995972 1839.995972 1839.201538 1838.722534 1838.522583 1838.166626 1837.960083 1837.893311 1837.902588 1837.856812 1837.869507
1847.118652 1847.118652 1845.383057 1844.014771 1842.632202 1841.157959 1841.209839 1841.110718 1840.984253 1840.898682 1840.86499 1840.897949 1840.922974 1841.042603 1841.175903 1841.366333 1841.55542 1841.776367 1842.04834 1842.65564 1844.34375 1845.141235 1845.903198 1845.903198 1846.538818 1847.066406 1847.605957 1848.361694 1848.604248 1848.737671 1848.7677 1848.741943 1848.989014 1849.356812 1849.713013 1850.243774 1850.751587 1850.645996 1850.041992 1849.07019 1847.857422 1846.591064 1843.678833 1842.174072 1840.902466 1840.902466 1840.03772 1839.500122 1838.726807 1838.503784 1838.234253 1838.107056 1838.098267 1838.051636 1838.108887
